<?xml version="1.0"?>
<opencv_storage>
<calibration_time>"Mon Jan 14 01:23:21 2019"</calibration_time>
<nr_of_frames>15</nr_of_frames>
<image_width>640</image_width>
<image_height>360</image_height>
<board_width>5</board_width>
<board_height>4</board_height>
<square_size>44.</square_size>
<fix_aspect_ratio>1.</fix_aspect_ratio>
<!-- flags: +fix_aspectRatio +fix_principal_point +zero_tangent_dist +fix_k4 +fix_k5 -->
<flags>6158</flags>
<fisheye_model>0</fisheye_model>
<camera_matrix type_id="opencv-matrix">
  <rows>3</rows>
  <cols>3</cols>
  <dt>d</dt>
  <data>
    3.9074210166255460e+02 0. 3.2672188651082092e+02 0.
    3.9070898189184925e+02 1.6314147945699480e+02 0. 0. 1.</data></camera_matrix>
<distortion_coefficients type_id="opencv-matrix">
  <rows>5</rows>
  <cols>1</cols>
  <dt>d</dt>
  <data>
    -1.0815300427939849e-01 6.1580224491949265e-01
    -6.2929796075110690e-03 -1.1520012439195692e-02
    -1.5225813786089866e+00</data></distortion_coefficients>
<avg_reprojection_error>2.6396006944129863e-01</avg_reprojection_error>
<per_view_reprojection_errors type_id="opencv-matrix">
  <rows>15</rows>
  <cols>1</cols>
  <dt>f</dt>
  <data>
    2.32253924e-01 2.84962088e-01 2.61536151e-01 2.61325926e-01
    1.97431430e-01 1.56331643e-01 1.03373431e-01 1.14140131e-01
    2.24560037e-01 3.13344508e-01 3.42205554e-01 4.08989698e-01
    3.87813747e-01 2.30931431e-01 2.22340420e-01</data></per_view_reprojection_errors>
<!-- a set of 6-tuples (rotation vector + translation vector) for each view -->
<extrinsic_parameters type_id="opencv-matrix">
  <rows>15</rows>
  <cols>6</cols>
  <dt>d</dt>
  <data>
    -4.0771935284076126e-02 -2.2616985400107165e-01
    -3.1327799071286329e+00 4.9687643527497571e+01
    6.4006628872304120e+01 4.7487898863689827e+02
    -1.7008859630482234e-02 -2.2903980398883766e-01
    -3.1313301066427002e+00 4.0732648404923488e+01
    6.1711512599073217e+01 4.7177538393751712e+02 1.4836065977277517e-02
    -2.3559608442958249e-01 -3.1244733308416861e+00
    2.9147445174935026e+01 5.9441099544097575e+01 4.6810667063292658e+02
    4.7991877081025314e-02 -2.2832547995028649e-01
    -3.1174305757377070e+00 1.6555772281990041e+01
    5.7479148973012080e+01 4.6424869397630931e+02 8.2481148815337482e-02
    -2.2847276416973891e-01 -3.1091461956523641e+00
    4.6205494711207082e+00 5.4926541821286499e+01 4.5943055436668260e+02
    1.0637417663581498e-01 -2.0652542098453311e-01
    -3.1050517848005947e+00 -5.4255181468516751e+00
    5.2470589629410981e+01 4.5345460122774108e+02 1.2768513445896787e-01
    -1.9535171507499241e-01 -3.1034029190055814e+00
    -1.1973171870609287e+01 4.9702549369189278e+01
    4.4522572453070325e+02 1.3680289446854252e-01
    -1.7522890169266764e-01 -3.1069243518623750e+00
    -1.3492927728926901e+01 4.6931055702008287e+01
    4.3494002356387205e+02 1.2927731452007815e-01
    -1.5286297898582246e-01 -3.1200194885496342e+00
    -9.5288111620898661e+00 4.5566914397639160e+01
    4.2077021347399108e+02 -1.0775687572184003e-01
    1.3644611204677076e-01 3.1352391316330546e+00
    -1.1265051969516948e+00 4.4751228469559500e+01
    4.0315801640170338e+02 -5.8298232221219694e-02
    1.2118888737036829e-01 3.1236098965016699e+00 1.0047285777827623e+01
    4.3392495558092982e+01 3.8324140673749400e+02 1.9864054786957564e-02
    1.4595669178864057e-01 3.1270962194558964e+00 2.2477241541280272e+01
    4.1052484003394618e+01 3.6109732048410251e+02
    -1.2998910386264409e-01 -1.3383764237432802e-01
    -3.1321793469408497e+00 3.4851047883335376e+01
    4.0244063996385798e+01 3.3907003368059952e+02
    -2.5011942390676523e-01 -1.3376370441815402e-01
    -3.0979736597373377e+00 4.4319314193551939e+01
    3.9621640025124499e+01 3.1914882389252313e+02
    -3.6786577722161784e-01 -1.2188087998528460e-01
    -3.0572908115112725e+00 5.0518072801744516e+01
    3.9712410908463298e+01 3.0185452210974978e+02</data></extrinsic_parameters>
